    -1
    15
         1         0         0         8 -5.00000E-01 -5.00000E-01  1.00000E+00
         2         0         0         8  0.00000E+00 -5.00000E-01  1.00000E+00
         3         0         0         8  5.00000E-01 -5.00000E-01  1.00000E+00
         4         0         0         8  5.00000E-01  0.00000E+00  1.00000E+00
         5         0         0         8  5.00000E-01  5.00000E-01  1.00000E+00
         6         0         0         8  0.00000E+00  5.00000E-01  1.00000E+00
         7         0         0         8 -5.00000E-01  5.00000E-01  1.00000E+00
         8         0         0         8 -5.00000E-01  0.00000E+00  1.00000E+00
         9         0         0         8  0.00000E+00  0.00000E+00  1.00000E+00
        10         0         0         8  5.00000E-01 -5.00000E-01  0.00000E+00
        11         0         0         8  5.00000E-01 -5.00000E-01  5.00000E-01
        12         0         0         8 -5.00000E-01 -5.00000E-01  5.00000E-01
        13         0         0         8 -5.00000E-01 -5.00000E-01  0.00000E+00
        14         0         0         8  0.00000E+00 -5.00000E-01  0.00000E+00
        15         0         0         8  0.00000E+00 -5.00000E-01  5.00000E-01
        16         0         0         8 -5.00000E-01  5.00000E-01  5.00000E-01
        17         0         0         8 -5.00000E-01  5.00000E-01  0.00000E+00
        18         0         0         8 -5.00000E-01  0.00000E+00  0.00000E+00
        19         0         0         8 -5.00000E-01  0.00000E+00  5.00000E-01
        20         0         0         8  5.00000E-01  5.00000E-01  5.00000E-01
        21         0         0         8  5.00000E-01  5.00000E-01  0.00000E+00
        22         0         0         8  0.00000E+00  5.00000E-01  0.00000E+00
        23         0         0         8  0.00000E+00  5.00000E-01  5.00000E-01
        24         0         0         8  5.00000E-01  0.00000E+00  0.00000E+00
        25         0         0         8  0.00000E+00  0.00000E+00  0.00000E+00
        26         0         0         8  5.00000E-01  0.00000E+00  5.00000E-01
        27         0         0         8  0.00000E+00  0.00000E+00  5.00000E-01
    -1
    -1
   757
         1
 DOF SET         1
         1         4 1 1 0 1 1 1
         2         4 0 1 0 1 1 1
         3         4 0 1 0 1 1 1
         4         4 0 0 0 1 1 1
         5         4 0 0 0 1 1 1
         6         4 0 0 0 1 1 1
         7         4 1 0 0 1 1 1
         8         4 1 0 0 1 1 1
         9         4 0 0 0 1 1 1
        10         4 0 1 1 1 1 1
        11         4 0 1 0 1 1 1
        12         4 1 1 0 1 1 1
        13         4 1 1 1 1 1 1
        14         4 0 1 1 1 1 1
        15         4 0 1 0 1 1 1
        16         4 1 0 0 1 1 1
        17         4 1 0 1 1 1 1
        18         4 1 0 1 1 1 1
        19         4 1 0 0 1 1 1
        20         4 0 0 0 1 1 1
        21         4 0 0 1 1 1 1
        22         4 0 0 1 1 1 1
        23         4 0 0 0 1 1 1
        24         4 0 0 1 1 1 1
        25         4 0 0 1 1 1 1
        26         4 0 0 0 1 1 1
        27         4 0 0 0 1 1 1
    -1
    -1
   772
         1       110         4
PHISICAL PROPERTIES SET :         1
  0.00000E+00  0.00000E+00  0.00000E+00  0.00000E+00  0.00000E+00  0.00000E+00
  0.00000E+00  0.00000E+00  0.00000E+00  0.00000E+00  0.00000E+00  0.00000E+00
  0.00000E+00  0.00000E+00
    -1
    -1
   773
         1         1        27
MATERIAL PROPERTIES SET :         1
  1.00000E+07  3.00000E-01  0.00000E+00  3.84615E+06  0.00000E+00  0.00000E+00
  0.00000E+00  0.00000E+00  0.00000E+00  0.00000E+00  0.00000E+00  0.00000E+00
  0.00000E+00  0.00000E+00  0.00000E+00  0.00000E+00  0.00000E+00  0.00000E+00
  0.00000E+00  0.00000E+00  0.00000E+00  0.00000E+00  0.00000E+00  0.00000E+00
  0.00000E+00  0.00000E+00  0.00000E+00
    -1
    -1
    71
        25        19       115         1         1         7         8
        27        15        12        19         9         2         1         8
        26        19       115         1         1         7         8
        26        11        15        27         4         3         2         9
        27        19       115         1         1         7         8
        23        27        19        16         6         9         8         7
        28        19       115         1         1         7         8
        20        26        27        23         5         4         9         6
        29        19       115         1         1         7         8
        25        14        13        18        27        15        12        19
        30        19       115         1         1         7         8
        24        10        14        25        26        11        15        27
        31        19       115         1         1         7         8
        22        25        18        17        23        27        19        16
        32        19       115         1         1         7         8
        21        24        25        22        20        26        27        23
    -1
    -1
    55
  Untitled                                                                      
NODAL FORCES
DATE AND TIME
EMPTY
LOAD CASE         :         1
         1         1         3         4         2         6
         1         1         1
  0.00000E+00
         1
  0.00000E+00  0.00000E+00 -6.25000E-01  0.00000E+00  0.00000E+00  0.00000E+00
         2
  0.00000E+00  0.00000E+00 -1.25000E+00  0.00000E+00  0.00000E+00  0.00000E+00
         3
  0.00000E+00  0.00000E+00 -6.25000E-01  0.00000E+00  0.00000E+00  0.00000E+00
         4
  0.00000E+00  0.00000E+00 -1.25000E+00  0.00000E+00  0.00000E+00  0.00000E+00
         5
  0.00000E+00  0.00000E+00 -6.25000E-01  0.00000E+00  0.00000E+00  0.00000E+00
         6
  0.00000E+00  0.00000E+00 -1.25000E+00  0.00000E+00  0.00000E+00  0.00000E+00
         7
  0.00000E+00  0.00000E+00 -6.25000E-01  0.00000E+00  0.00000E+00  0.00000E+00
         8
  0.00000E+00  0.00000E+00 -1.25000E+00  0.00000E+00  0.00000E+00  0.00000E+00
         9
  0.00000E+00  0.00000E+00 -2.50000E+00  0.00000E+00  0.00000E+00  0.00000E+00
    -1
    -1
    55
  Untitled                                                                      
NODAL TRANSLATIONS AND ROTATIONS
DATE AND TIME
EMPTY
LOAD CASE         :         1
         1         1         3         8         2         6
         1         1         1
  0.00000E+00
         1
  0.00000E+00  0.00000E+00 -6.25000E-01  0.00000E+00  0.00000E+00  0.00000E+00
         2
  0.00000E+00  0.00000E+00 -1.25000E+00  0.00000E+00  0.00000E+00  0.00000E+00
         3
  0.00000E+00  0.00000E+00 -6.25000E-01  0.00000E+00  0.00000E+00  0.00000E+00
         4
  0.00000E+00  0.00000E+00 -1.25000E+00  0.00000E+00  0.00000E+00  0.00000E+00
         5
  0.00000E+00  0.00000E+00 -6.25000E-01  0.00000E+00  0.00000E+00  0.00000E+00
         6
  0.00000E+00  0.00000E+00 -1.25000E+00  0.00000E+00  0.00000E+00  0.00000E+00
         7
  0.00000E+00  0.00000E+00 -6.25000E-01  0.00000E+00  0.00000E+00  0.00000E+00
         8
  0.00000E+00  0.00000E+00 -1.25000E+00  0.00000E+00  0.00000E+00  0.00000E+00
         9
  0.00000E+00  0.00000E+00 -2.50000E+00  0.00000E+00  0.00000E+00  0.00000E+00
        10
  0.00000E+00  0.00000E+00  0.00000E+00  0.00000E+00  0.00000E+00  0.00000E+00
        11
  0.00000E+00  0.00000E+00  0.00000E+00  0.00000E+00  0.00000E+00  0.00000E+00
        12
  0.00000E+00  0.00000E+00  0.00000E+00  0.00000E+00  0.00000E+00  0.00000E+00
        13
  0.00000E+00  0.00000E+00  0.00000E+00  0.00000E+00  0.00000E+00  0.00000E+00
        14
  0.00000E+00  0.00000E+00  0.00000E+00  0.00000E+00  0.00000E+00  0.00000E+00
        15
  0.00000E+00  0.00000E+00  0.00000E+00  0.00000E+00  0.00000E+00  0.00000E+00
        16
  0.00000E+00  0.00000E+00  0.00000E+00  0.00000E+00  0.00000E+00  0.00000E+00
        17
  0.00000E+00  0.00000E+00  0.00000E+00  0.00000E+00  0.00000E+00  0.00000E+00
        18
  0.00000E+00  0.00000E+00  0.00000E+00  0.00000E+00  0.00000E+00  0.00000E+00
        19
  0.00000E+00  0.00000E+00  0.00000E+00  0.00000E+00  0.00000E+00  0.00000E+00
        20
  0.00000E+00  0.00000E+00  0.00000E+00  0.00000E+00  0.00000E+00  0.00000E+00
        21
  0.00000E+00  0.00000E+00  0.00000E+00  0.00000E+00  0.00000E+00  0.00000E+00
        22
  0.00000E+00  0.00000E+00  0.00000E+00  0.00000E+00  0.00000E+00  0.00000E+00
        23
  0.00000E+00  0.00000E+00  0.00000E+00  0.00000E+00  0.00000E+00  0.00000E+00
        24
  0.00000E+00  0.00000E+00  0.00000E+00  0.00000E+00  0.00000E+00  0.00000E+00
        25
  0.00000E+00  0.00000E+00  0.00000E+00  0.00000E+00  0.00000E+00  0.00000E+00
        26
  0.00000E+00  0.00000E+00  0.00000E+00  0.00000E+00  0.00000E+00  0.00000E+00
        27
  0.00000E+00  0.00000E+00  0.00000E+00  0.00000E+00  0.00000E+00  0.00000E+00
    -1
    -1
    57
  Untitled                                                                      
STRESS OF 3/D ELEMENTS
DATE
EMPTY
LOAD CASE         :         1
         1         1         4         2         2         6
         1         1         1
  0.00000E+00
        25         1         8         6
 -1.90299E+07 -2.20295E+04 -1.90299E+07  4.04636E+06  4.04636E+06 -5.20400E+07
 -1.69908E+07 -2.20295E+04 -1.34220E+07  4.04636E+06  3.16518E+06 -3.55772E+07
 -1.54611E+07 -2.20295E+04 -1.54611E+07  3.16518E+06  3.16518E+06 -2.82480E+07
 -1.34220E+07 -2.20295E+04 -1.69908E+07  3.16518E+06  4.04636E+06 -3.55772E+07
 -1.81928E+07  2.20295E+04 -1.81928E+07  4.04636E+06  4.04636E+06 -5.02776E+07
 -1.78280E+07  2.20295E+04 -1.42592E+07  4.04636E+06  3.16518E+06 -3.73395E+07
 -1.46240E+07  2.20295E+04 -1.46240E+07  3.16518E+06  3.16518E+06 -2.64857E+07
 -1.42592E+07  2.20295E+04 -1.78280E+07  3.16518E+06  4.04636E+06 -3.73395E+07
        26         1         8         6
 -1.34220E+07  2.20295E+04 -1.69908E+07  3.16518E+06 -4.04636E+06 -3.55772E+07
 -1.54611E+07  2.20295E+04 -1.54611E+07  3.16518E+06 -3.16518E+06 -2.82480E+07
 -1.69908E+07  2.20295E+04 -1.34220E+07  4.04636E+06 -3.16518E+06 -3.55772E+07
 -1.90299E+07  2.20295E+04 -1.90299E+07  4.04636E+06 -4.04636E+06 -5.20400E+07
 -1.42592E+07 -2.20295E+04 -1.78280E+07  3.16518E+06 -4.04636E+06 -3.73395E+07
 -1.46240E+07 -2.20295E+04 -1.46240E+07  3.16518E+06 -3.16518E+06 -2.64857E+07
 -1.78280E+07 -2.20295E+04 -1.42592E+07  4.04636E+06 -3.16518E+06 -3.73395E+07
 -1.81928E+07 -2.20295E+04 -1.81928E+07  4.04636E+06 -4.04636E+06 -5.02776E+07
        27         1         8         6
 -1.69908E+07  2.20295E+04 -1.34220E+07 -4.04636E+06  3.16518E+06 -3.55772E+07
 -1.90299E+07  2.20295E+04 -1.90299E+07 -4.04636E+06  4.04636E+06 -5.20400E+07
 -1.34220E+07  2.20295E+04 -1.69908E+07 -3.16518E+06  4.04636E+06 -3.55772E+07
 -1.54611E+07  2.20295E+04 -1.54611E+07 -3.16518E+06  3.16518E+06 -2.82480E+07
 -1.78280E+07 -2.20295E+04 -1.42592E+07 -4.04636E+06  3.16518E+06 -3.73395E+07
 -1.81928E+07 -2.20295E+04 -1.81928E+07 -4.04636E+06  4.04636E+06 -5.02776E+07
 -1.42592E+07 -2.20295E+04 -1.78280E+07 -3.16518E+06  4.04636E+06 -3.73395E+07
 -1.46240E+07 -2.20295E+04 -1.46240E+07 -3.16518E+06  3.16518E+06 -2.64857E+07
        28         1         8         6
 -1.54611E+07 -2.20295E+04 -1.54611E+07 -3.16518E+06 -3.16518E+06 -2.82480E+07
 -1.34220E+07 -2.20295E+04 -1.69908E+07 -3.16518E+06 -4.04636E+06 -3.55772E+07
 -1.90299E+07 -2.20295E+04 -1.90299E+07 -4.04636E+06 -4.04636E+06 -5.20400E+07
 -1.69908E+07 -2.20295E+04 -1.34220E+07 -4.04636E+06 -3.16518E+06 -3.55772E+07
 -1.46240E+07  2.20295E+04 -1.46240E+07 -3.16518E+06 -3.16518E+06 -2.64857E+07
 -1.42592E+07  2.20295E+04 -1.78280E+07 -3.16518E+06 -4.04636E+06 -3.73395E+07
 -1.81928E+07  2.20295E+04 -1.81928E+07 -4.04636E+06 -4.04636E+06 -5.02776E+07
 -1.78280E+07  2.20295E+04 -1.42592E+07 -4.04636E+06 -3.16518E+06 -3.73395E+07
        29         1         8         6
  0.00000E+00  0.00000E+00  0.00000E+00  0.00000E+00  0.00000E+00  0.00000E+00
  0.00000E+00  0.00000E+00  0.00000E+00  0.00000E+00  0.00000E+00  0.00000E+00
  0.00000E+00  0.00000E+00  0.00000E+00  0.00000E+00  0.00000E+00  0.00000E+00
  0.00000E+00  0.00000E+00  0.00000E+00  0.00000E+00  0.00000E+00  0.00000E+00
  0.00000E+00  0.00000E+00  0.00000E+00  0.00000E+00  0.00000E+00  0.00000E+00
  0.00000E+00  0.00000E+00  0.00000E+00  0.00000E+00  0.00000E+00  0.00000E+00
  0.00000E+00  0.00000E+00  0.00000E+00  0.00000E+00  0.00000E+00  0.00000E+00
  0.00000E+00  0.00000E+00  0.00000E+00  0.00000E+00  0.00000E+00  0.00000E+00
        30         1         8         6
  0.00000E+00  0.00000E+00  0.00000E+00  0.00000E+00  0.00000E+00  0.00000E+00
  0.00000E+00  0.00000E+00  0.00000E+00  0.00000E+00  0.00000E+00  0.00000E+00
  0.00000E+00  0.00000E+00  0.00000E+00  0.00000E+00  0.00000E+00  0.00000E+00
  0.00000E+00  0.00000E+00  0.00000E+00  0.00000E+00  0.00000E+00  0.00000E+00
  0.00000E+00  0.00000E+00  0.00000E+00  0.00000E+00  0.00000E+00  0.00000E+00
  0.00000E+00  0.00000E+00  0.00000E+00  0.00000E+00  0.00000E+00  0.00000E+00
  0.00000E+00  0.00000E+00  0.00000E+00  0.00000E+00  0.00000E+00  0.00000E+00
  0.00000E+00  0.00000E+00  0.00000E+00  0.00000E+00  0.00000E+00  0.00000E+00
        31         1         8         6
  0.00000E+00  0.00000E+00  0.00000E+00  0.00000E+00  0.00000E+00  0.00000E+00
  0.00000E+00  0.00000E+00  0.00000E+00  0.00000E+00  0.00000E+00  0.00000E+00
  0.00000E+00  0.00000E+00  0.00000E+00  0.00000E+00  0.00000E+00  0.00000E+00
  0.00000E+00  0.00000E+00  0.00000E+00  0.00000E+00  0.00000E+00  0.00000E+00
  0.00000E+00  0.00000E+00  0.00000E+00  0.00000E+00  0.00000E+00  0.00000E+00
  0.00000E+00  0.00000E+00  0.00000E+00  0.00000E+00  0.00000E+00  0.00000E+00
  0.00000E+00  0.00000E+00  0.00000E+00  0.00000E+00  0.00000E+00  0.00000E+00
  0.00000E+00  0.00000E+00  0.00000E+00  0.00000E+00  0.00000E+00  0.00000E+00
        32         1         8         6
  0.00000E+00  0.00000E+00  0.00000E+00  0.00000E+00  0.00000E+00  0.00000E+00
  0.00000E+00  0.00000E+00  0.00000E+00  0.00000E+00  0.00000E+00  0.00000E+00
  0.00000E+00  0.00000E+00  0.00000E+00  0.00000E+00  0.00000E+00  0.00000E+00
  0.00000E+00  0.00000E+00  0.00000E+00  0.00000E+00  0.00000E+00  0.00000E+00
  0.00000E+00  0.00000E+00  0.00000E+00  0.00000E+00  0.00000E+00  0.00000E+00
  0.00000E+00  0.00000E+00  0.00000E+00  0.00000E+00  0.00000E+00  0.00000E+00
  0.00000E+00  0.00000E+00  0.00000E+00  0.00000E+00  0.00000E+00  0.00000E+00
  0.00000E+00  0.00000E+00  0.00000E+00  0.00000E+00  0.00000E+00  0.00000E+00
    -1
